DAFTAR STATE
0,0,
1,51,
2,5128,
3,5137,
4,5146,
5,5164,
6,5173,
7,5182,
8,5193,
9,512837,
10,512846,
11,512864,
12,512873,
13,512894,
14,513724,
15,513746,
16,513764,
17,513784,
18,513794,
19,514628,
20,514637,
21,514673,
22,514682,
23,514692,
24,516427,
25,516437,
26,516473,
27,516487,
28,516497,
29,517328,
30,517342,
31,517362,
32,517382,
33,517392,
34,518237,
35,518243,
36,518263,
37,518273,
38,518293,
39,519328,
40,519342,
41,519362,
42,519372,
43,519382,
44,51283749,
45,51283764,
46,51283794,
47,51284637,
48,51284673,
49,51284693,
50,51286437,
51,51286473,
52,51286497,
53,51287346,
54,51287364,
55,51287394,
56,51289437,
57,51289467,
58,51289473,
59,51374628,
60,51374682,
61,51374692,
62,51462837,
63,51462873,
64,51462893,
65,51463728,
66,51463782,
67,51463792,
68,51467328,
69,51467382,
70,51467392,
71,51468237,
72,51468273,
73,51468293,
74,51469237,
75,51469273,
76,51469283,
77,51647328,
78,51647382,
79,51647392,
80,51732846,
81,51732864,
82,51732894,
83,51823746,
84,51823764,
85,51823794,
86,51932846,
87,51932864,
88,51932874,
89,512846379,
90,512846739,
91,512846937,
92,512864739,
93,512873469,
94,512873649,
95,512873946,
96,512894736,
97,513746289,
98,513746829,
99,513746928,
100,514628379,
101,514628739,
102,514628937,
103,514637289,
104,514637829,
105,514637928,
106,514682379,
107,514692378,
108,516473289,
109,517328469,
110,517328649,
111,517328946,
112,518237469,
113,519328467,
114,519328647,
115,519328746,

TRANSISI STATE
0,-1,-1,-1,-1,1,-1,-1,-1,-1,
1,-1,2,3,4,-1,5,6,7,8,
2,-1,-1,9,10,-1,11,12,-1,13,
3,-1,14,-1,15,-1,16,-1,17,18,
4,-1,19,20,-1,-1,-1,21,22,23,
5,-1,24,25,-1,-1,-1,26,27,28,
6,-1,29,-1,30,-1,31,-1,32,33,
7,-1,-1,34,35,-1,36,37,-1,38,
8,-1,39,-1,40,-1,41,42,43,-1,
9,-1,-1,-1,44,-1,45,-1,-1,46,
10,-1,-1,47,-1,-1,-1,48,-1,49,
11,-1,-1,50,-1,-1,-1,51,-1,52,
12,-1,-1,-1,53,-1,54,-1,-1,55,
13,-1,-1,56,-1,-1,57,58,-1,-1,
14,-1,-1,-1,-1,-1,-1,-1,-1,-1,
15,-1,59,-1,-1,-1,-1,-1,60,61,
16,-1,-1,-1,-1,-1,-1,-1,-1,-1,
17,-1,-1,-1,-1,-1,-1,-1,-1,-1,
18,-1,-1,-1,-1,-1,-1,-1,-1,-1,
19,-1,-1,62,-1,-1,-1,63,-1,64,
20,-1,65,-1,-1,-1,-1,-1,66,67,
21,-1,68,-1,-1,-1,-1,-1,69,70,
22,-1,-1,71,-1,-1,-1,72,-1,73,
23,-1,-1,74,-1,-1,-1,75,76,-1,
24,-1,-1,-1,-1,-1,-1,-1,-1,-1,
25,-1,-1,-1,-1,-1,-1,-1,-1,-1,
26,-1,77,-1,-1,-1,-1,-1,78,79,
27,-1,-1,-1,-1,-1,-1,-1,-1,-1,
28,-1,-1,-1,-1,-1,-1,-1,-1,-1,
29,-1,-1,-1,80,-1,81,-1,-1,82,
30,-1,-1,-1,-1,-1,-1,-1,-1,-1,
31,-1,-1,-1,-1,-1,-1,-1,-1,-1,
32,-1,-1,-1,-1,-1,-1,-1,-1,-1,
33,-1,-1,-1,-1,-1,-1,-1,-1,-1,
34,-1,-1,-1,83,-1,84,-1,-1,85,
35,-1,-1,-1,-1,-1,-1,-1,-1,-1,
36,-1,-1,-1,-1,-1,-1,-1,-1,-1,
37,-1,-1,-1,-1,-1,-1,-1,-1,-1,
38,-1,-1,-1,-1,-1,-1,-1,-1,-1,
39,-1,-1,-1,86,-1,87,88,-1,-1,
40,-1,-1,-1,-1,-1,-1,-1,-1,-1,
41,-1,-1,-1,-1,-1,-1,-1,-1,-1,
42,-1,-1,-1,-1,-1,-1,-1,-1,-1,
43,-1,-1,-1,-1,-1,-1,-1,-1,-1,
44,-1,-1,-1,-1,-1,-1,-1,-1,-1,
45,-1,-1,-1,-1,-1,-1,-1,-1,-1,
46,-1,-1,-1,-1,-1,-1,-1,-1,-1,
47,-1,-1,-1,-1,-1,-1,-1,-1,89,
48,-1,-1,-1,-1,-1,-1,-1,-1,90,
49,-1,-1,-1,-1,-1,-1,91,-1,-1,
50,-1,-1,-1,-1,-1,-1,-1,-1,-1,
51,-1,-1,-1,-1,-1,-1,-1,-1,92,
52,-1,-1,-1,-1,-1,-1,-1,-1,-1,
53,-1,-1,-1,-1,-1,-1,-1,-1,93,
54,-1,-1,-1,-1,-1,-1,-1,-1,94,
55,-1,-1,-1,-1,-1,95,-1,-1,-1,
56,-1,-1,-1,-1,-1,-1,-1,-1,-1,
57,-1,-1,-1,-1,-1,-1,-1,-1,-1,
58,-1,-1,-1,-1,-1,96,-1,-1,-1,
59,-1,-1,-1,-1,-1,-1,-1,-1,97,
60,-1,-1,-1,-1,-1,-1,-1,-1,98,
61,-1,-1,-1,-1,-1,-1,-1,99,-1,
62,-1,-1,-1,-1,-1,-1,-1,-1,100,
63,-1,-1,-1,-1,-1,-1,-1,-1,101,
64,-1,-1,-1,-1,-1,-1,102,-1,-1,
65,-1,-1,-1,-1,-1,-1,-1,-1,103,
66,-1,-1,-1,-1,-1,-1,-1,-1,104,
67,-1,-1,-1,-1,-1,-1,-1,105,-1,
68,-1,-1,-1,-1,-1,-1,-1,-1,-1,
69,-1,-1,-1,-1,-1,-1,-1,-1,-1,
70,-1,-1,-1,-1,-1,-1,-1,-1,-1,
71,-1,-1,-1,-1,-1,-1,-1,-1,106,
72,-1,-1,-1,-1,-1,-1,-1,-1,-1,
73,-1,-1,-1,-1,-1,-1,-1,-1,-1,
74,-1,-1,-1,-1,-1,-1,-1,107,-1,
75,-1,-1,-1,-1,-1,-1,-1,-1,-1,
76,-1,-1,-1,-1,-1,-1,-1,-1,-1,
77,-1,-1,-1,-1,-1,-1,-1,-1,108,
78,-1,-1,-1,-1,-1,-1,-1,-1,-1,
79,-1,-1,-1,-1,-1,-1,-1,-1,-1,
80,-1,-1,-1,-1,-1,-1,-1,-1,109,
81,-1,-1,-1,-1,-1,-1,-1,-1,110,
82,-1,-1,-1,-1,-1,111,-1,-1,-1,
83,-1,-1,-1,-1,-1,-1,-1,-1,112,
84,-1,-1,-1,-1,-1,-1,-1,-1,-1,
85,-1,-1,-1,-1,-1,-1,-1,-1,-1,
86,-1,-1,-1,-1,-1,-1,113,-1,-1,
87,-1,-1,-1,-1,-1,-1,114,-1,-1,
88,-1,-1,-1,-1,-1,115,-1,-1,-1,
89,-1,-1,-1,-1,-1,-1,-1,-1,-1,
90,-1,-1,-1,-1,-1,-1,-1,-1,-1,
91,-1,-1,-1,-1,-1,-1,-1,-1,-1,
92,-1,-1,-1,-1,-1,-1,-1,-1,-1,
93,-1,-1,-1,-1,-1,-1,-1,-1,-1,
94,-1,-1,-1,-1,-1,-1,-1,-1,-1,
95,-1,-1,-1,-1,-1,-1,-1,-1,-1,
96,-1,-1,-1,-1,-1,-1,-1,-1,-1,
97,-1,-1,-1,-1,-1,-1,-1,-1,-1,
98,-1,-1,-1,-1,-1,-1,-1,-1,-1,
99,-1,-1,-1,-1,-1,-1,-1,-1,-1,
100,-1,-1,-1,-1,-1,-1,-1,-1,-1,
101,-1,-1,-1,-1,-1,-1,-1,-1,-1,
102,-1,-1,-1,-1,-1,-1,-1,-1,-1,
103,-1,-1,-1,-1,-1,-1,-1,-1,-1,
104,-1,-1,-1,-1,-1,-1,-1,-1,-1,
105,-1,-1,-1,-1,-1,-1,-1,-1,-1,
106,-1,-1,-1,-1,-1,-1,-1,-1,-1,
107,-1,-1,-1,-1,-1,-1,-1,-1,-1,
108,-1,-1,-1,-1,-1,-1,-1,-1,-1,
109,-1,-1,-1,-1,-1,-1,-1,-1,-1,
110,-1,-1,-1,-1,-1,-1,-1,-1,-1,
111,-1,-1,-1,-1,-1,-1,-1,-1,-1,
112,-1,-1,-1,-1,-1,-1,-1,-1,-1,
113,-1,-1,-1,-1,-1,-1,-1,-1,-1,
114,-1,-1,-1,-1,-1,-1,-1,-1,-1,
115,-1,-1,-1,-1,-1,-1,-1,-1,-1,

START STATE
0,

FINAL STATE
14,1,
16,1,
17,1,
18,1,
24,1,
25,1,
27,1,
28,1,
30,1,
31,1,
32,1,
33,1,
35,1,
36,1,
37,1,
38,1,
40,1,
41,1,
42,1,
43,1,
44,1,
45,1,
46,1,
50,1,
52,1,
56,1,
57,1,
68,1,
69,1,
70,1,
72,1,
73,1,
75,1,
76,1,
78,1,
79,1,
84,1,
85,1,
89,2,
90,2,
91,2,
92,2,
93,2,
94,2,
95,2,
96,2,
97,2,
98,2,
99,2,
100,2,
101,2,
102,2,
103,2,
104,2,
105,2,
106,2,
107,2,
108,2,
109,2,
110,2,
111,2,
112,2,
113,2,
114,2,
115,2,
ENDFILE