DAFTAR STATE
0,5,
1,512,
2,521,
3,531,
4,541,
5,561,
6,571,
7,581,
8,592,
9,51238,
10,51248,
11,51268,
12,51278,
13,51283,
14,51298,
15,52139,
16,52149,
17,52169,
18,52179,
19,52189,
20,52197,
21,53129,
22,53149,
23,53169,
24,53179,
25,53189,
26,53196,
27,54129,
28,54139,
29,54169,
30,54179,
31,54189,
32,54193,
33,56129,
34,56139,
35,56149,
36,56179,
37,56189,
38,56197,
39,57129,
40,57139,
41,57149,
42,57169,
43,57189,
44,57198,
45,58129,
46,58139,
47,58149,
48,58169,
49,58179,
50,58197,
51,59218,
52,59238,
53,59248,
54,59268,
55,59278,
56,59287,
57,5128347,
58,5128367,
59,5128374,
60,5128397,
61,5219734,
62,5219743,
63,5219763,
64,5219783,
65,5319624,
66,5319642,
67,5319674,
68,5319684,
69,5419327,
70,5419362,
71,5419372,
72,5419382,
73,5619723,
74,5619734,
75,5619743,
76,5619783,
77,5719824,
78,5719832,
79,5719842,
80,5719862,
81,5819723,
82,5819734,
83,5819743,
84,5819763,
85,5928713,
86,5928736,
87,5928743,
88,5928763,
89,512837469,
90,512837496,
91,531964278,
92,531964287,
93,571982436,
94,571982463,
95,592873614,
96,592873641,

TRANSISI STATE
0,1,2,3,4,-1,5,6,7,8,
1,-1,-1,9,10,-1,11,12,13,14,
2,-1,-1,15,16,-1,17,18,19,20,
3,-1,21,-1,22,-1,23,24,25,26,
4,-1,27,28,-1,-1,29,30,31,32,
5,-1,33,34,35,-1,-1,36,37,38,
6,-1,39,40,41,-1,42,-1,43,44,
7,-1,45,46,47,-1,48,49,-1,50,
8,51,-1,52,53,-1,54,55,56,-1,
9,-1,-1,-1,-1,-1,-1,-1,-1,-1,
10,-1,-1,-1,-1,-1,-1,-1,-1,-1,
11,-1,-1,-1,-1,-1,-1,-1,-1,-1,
12,-1,-1,-1,-1,-1,-1,-1,-1,-1,
13,-1,-1,-1,57,-1,58,59,-1,60,
14,-1,-1,-1,-1,-1,-1,-1,-1,-1,
15,-1,-1,-1,-1,-1,-1,-1,-1,-1,
16,-1,-1,-1,-1,-1,-1,-1,-1,-1,
17,-1,-1,-1,-1,-1,-1,-1,-1,-1,
18,-1,-1,-1,-1,-1,-1,-1,-1,-1,
19,-1,-1,-1,-1,-1,-1,-1,-1,-1,
20,-1,-1,61,62,-1,63,-1,64,-1,
21,-1,-1,-1,-1,-1,-1,-1,-1,-1,
22,-1,-1,-1,-1,-1,-1,-1,-1,-1,
23,-1,-1,-1,-1,-1,-1,-1,-1,-1,
24,-1,-1,-1,-1,-1,-1,-1,-1,-1,
25,-1,-1,-1,-1,-1,-1,-1,-1,-1,
26,-1,65,-1,66,-1,-1,67,68,-1,
27,-1,-1,-1,-1,-1,-1,-1,-1,-1,
28,-1,-1,-1,-1,-1,-1,-1,-1,-1,
29,-1,-1,-1,-1,-1,-1,-1,-1,-1,
30,-1,-1,-1,-1,-1,-1,-1,-1,-1,
31,-1,-1,-1,-1,-1,-1,-1,-1,-1,
32,-1,69,-1,-1,-1,70,71,72,-1,
33,-1,-1,-1,-1,-1,-1,-1,-1,-1,
34,-1,-1,-1,-1,-1,-1,-1,-1,-1,
35,-1,-1,-1,-1,-1,-1,-1,-1,-1,
36,-1,-1,-1,-1,-1,-1,-1,-1,-1,
37,-1,-1,-1,-1,-1,-1,-1,-1,-1,
38,-1,73,74,75,-1,-1,-1,76,-1,
39,-1,-1,-1,-1,-1,-1,-1,-1,-1,
40,-1,-1,-1,-1,-1,-1,-1,-1,-1,
41,-1,-1,-1,-1,-1,-1,-1,-1,-1,
42,-1,-1,-1,-1,-1,-1,-1,-1,-1,
43,-1,-1,-1,-1,-1,-1,-1,-1,-1,
44,-1,77,78,79,-1,80,-1,-1,-1,
45,-1,-1,-1,-1,-1,-1,-1,-1,-1,
46,-1,-1,-1,-1,-1,-1,-1,-1,-1,
47,-1,-1,-1,-1,-1,-1,-1,-1,-1,
48,-1,-1,-1,-1,-1,-1,-1,-1,-1,
49,-1,-1,-1,-1,-1,-1,-1,-1,-1,
50,-1,81,82,83,-1,84,-1,-1,-1,
51,-1,-1,-1,-1,-1,-1,-1,-1,-1,
52,-1,-1,-1,-1,-1,-1,-1,-1,-1,
53,-1,-1,-1,-1,-1,-1,-1,-1,-1,
54,-1,-1,-1,-1,-1,-1,-1,-1,-1,
55,-1,-1,-1,-1,-1,-1,-1,-1,-1,
56,85,-1,86,87,-1,88,-1,-1,-1,
57,-1,-1,-1,-1,-1,-1,-1,-1,-1,
58,-1,-1,-1,-1,-1,-1,-1,-1,-1,
59,-1,-1,-1,-1,-1,89,-1,-1,90,
60,-1,-1,-1,-1,-1,-1,-1,-1,-1,
61,-1,-1,-1,-1,-1,-1,-1,-1,-1,
62,-1,-1,-1,-1,-1,-1,-1,-1,-1,
63,-1,-1,-1,-1,-1,-1,-1,-1,-1,
64,-1,-1,-1,-1,-1,-1,-1,-1,-1,
65,-1,-1,-1,-1,-1,-1,-1,-1,-1,
66,-1,-1,-1,-1,-1,-1,91,92,-1,
67,-1,-1,-1,-1,-1,-1,-1,-1,-1,
68,-1,-1,-1,-1,-1,-1,-1,-1,-1,
69,-1,-1,-1,-1,-1,-1,-1,-1,-1,
70,-1,-1,-1,-1,-1,-1,-1,-1,-1,
71,-1,-1,-1,-1,-1,-1,-1,-1,-1,
72,-1,-1,-1,-1,-1,-1,-1,-1,-1,
73,-1,-1,-1,-1,-1,-1,-1,-1,-1,
74,-1,-1,-1,-1,-1,-1,-1,-1,-1,
75,-1,-1,-1,-1,-1,-1,-1,-1,-1,
76,-1,-1,-1,-1,-1,-1,-1,-1,-1,
77,-1,-1,93,-1,-1,94,-1,-1,-1,
78,-1,-1,-1,-1,-1,-1,-1,-1,-1,
79,-1,-1,-1,-1,-1,-1,-1,-1,-1,
80,-1,-1,-1,-1,-1,-1,-1,-1,-1,
81,-1,-1,-1,-1,-1,-1,-1,-1,-1,
82,-1,-1,-1,-1,-1,-1,-1,-1,-1,
83,-1,-1,-1,-1,-1,-1,-1,-1,-1,
84,-1,-1,-1,-1,-1,-1,-1,-1,-1,
85,-1,-1,-1,-1,-1,-1,-1,-1,-1,
86,95,-1,-1,96,-1,-1,-1,-1,-1,
87,-1,-1,-1,-1,-1,-1,-1,-1,-1,
88,-1,-1,-1,-1,-1,-1,-1,-1,-1,
89,-1,-1,-1,-1,-1,-1,-1,-1,-1,
90,-1,-1,-1,-1,-1,-1,-1,-1,-1,
91,-1,-1,-1,-1,-1,-1,-1,-1,-1,
92,-1,-1,-1,-1,-1,-1,-1,-1,-1,
93,-1,-1,-1,-1,-1,-1,-1,-1,-1,
94,-1,-1,-1,-1,-1,-1,-1,-1,-1,
95,-1,-1,-1,-1,-1,-1,-1,-1,-1,
96,-1,-1,-1,-1,-1,-1,-1,-1,-1,

START STATE
0,

FINAL STATE
0,0,
1,0,
2,0,
3,0,
4,0,
5,0,
6,0,
7,0,
8,0,
9,1,
10,1,
11,1,
12,1,
13,0,
14,1,
15,1,
16,1,
17,1,
18,1,
19,1,
20,0,
21,1,
22,1,
23,1,
24,1,
25,1,
26,0,
27,1,
28,1,
29,1,
30,1,
31,1,
32,0,
33,1,
34,1,
35,1,
36,1,
37,1,
38,0,
39,1,
40,1,
41,1,
42,1,
43,1,
44,0,
45,1,
46,1,
47,1,
48,1,
49,1,
50,0,
51,1,
52,1,
53,1,
54,1,
55,1,
56,0,
57,1,
58,1,
59,0,
60,1,
61,1,
62,1,
63,1,
64,1,
65,1,
66,0,
67,1,
68,1,
69,1,
70,1,
71,1,
72,1,
73,1,
74,1,
75,1,
76,1,
77,0,
78,1,
79,1,
80,1,
81,1,
82,1,
83,1,
84,1,
85,1,
86,0,
87,1,
88,1,
89,2,
90,1,
91,1,
92,2,
93,1,
94,2,
95,1,
96,2,
ENDFILE
